PVL 14 11 37 42 0 0
161.502 -158.12 108.367 0.668145 -0.740777 -0.0398706 0.658768 0.67786 -0.150299 -0.00242549 -0.0028968 0.00663494 0 0
184.926 -182.837 107.003 0.702863 -0.706378 -0.0399847 0.614938 0.625711 -0.0316847 -0.000140865 -0.000156648 0.000310196 34.1575 0
221.661 -217.271 104.981 0.749263 -0.65581 -0.0399778 0.600406 0.614595 -0.0323945 0.000160136 0.000218963 -0.000159278 84.7232 0
262.027 -251.196 102.867 0.764722 -0.636001 -0.0397808 0.678256 0.711873 -0.0939427 0.000555213 0.00073294 -0.00045407 137.691 0
287.858 -272.907 101.52 0.755133 -0.64005 -0.0394818 0.692267 0.73389 -0.10676 0.000514279 0.000759001 -0.000244855 171.647 0
313.618 -294.464 100.182 0.760492 -0.616115 -0.0389191 0.71485 0.765877 -0.111346 0.00080287 0.0010082 6.1417e-05 205.711 0
326.76 -304.776 99.5183 0.770002 -0.581661 -0.0382704 0.732403 0.786088 -0.106817 0.000994898 0.00121949 0.000594877 222.904 0
334.357 -310.367 99.1447 0.775651 -0.555368 -0.0377383 0.742271 0.79893 -0.0975022 0.000832074 0.00125674 0.00120928 232.745 0
340.413 -314.603 98.8527 0.780265 -0.53261 -0.0372717 0.747446 0.808377 -0.0860056 0.000414391 0.00101556 0.00167677 240.529 0
354.046 -323.403 98.2148 0.800921 -0.488594 -0.0367198 0.750278 0.822493 -0.0536031 0.000169775 0.000891371 -0.000196641 257.792 0
367.756 -331.325 97.5979 0.81968 -0.448709 -0.0362241 0.753354 0.839384 -0.092124 0.00019406 0.00110608 -0.00435869 274.705 0
163.148 -156.428 107.992 0.665085 -0.744746 -0.0260277 0.661191 0.680353 -0.150852 -0.00232521 -0.00279561 0.00663685 0 2.49284
186.464 -181.272 106.924 0.700076 -0.709483 -0.0358199 0.618996 0.629841 -0.0318939 -0.000145382 -0.000162022 0.000328411 34.1575 2.49284
223.162 -215.735 104.9 0.751557 -0.652932 -0.0427405 0.603805 0.618075 -0.032578 0.000164067 0.000226569 -0.000169199 84.7232 2.49284
263.72 -249.419 102.633 0.767069 -0.632883 -0.0416472 0.680174 0.713886 -0.0942084 0.000542123 0.000719402 -0.000452982 137.691 2.49284
289.586 -271.076 101.253 0.756026 -0.638634 -0.039979 0.693807 0.735523 -0.106998 0.000505644 0.000749477 -0.000243293 171.647 2.49284
315.402 -292.553 99.904 0.76277 -0.613273 -0.0388961 0.716304 0.767435 -0.111573 0.000799336 0.00100485 6.24479e-05 205.711 2.49284
328.587 -302.815 99.2518 0.772606 -0.57845 -0.036606 0.733752 0.787535 -0.107014 0.000988912 0.00121326 0.000596703 222.904 2.49284
336.209 -308.374 98.9014 0.777772 -0.552138 -0.0347471 0.74357 0.800329 -0.0976729 0.000828926 0.00125391 0.00121175 232.745 2.49284
342.278 -312.586 98.6381 0.781449 -0.529895 -0.0326356 0.748737 0.809774 -0.0861542 0.000446809 0.00105188 0.00167684 240.529 2.49284
355.919 -321.35 98.081 0.801205 -0.486795 -0.0346693 0.752712 0.825161 -0.053777 0.000159606 0.000885626 -0.000196828 257.792 2.49284
369.635 -329.232 97.3682 0.820129 -0.44531 -0.0520869 0.754285 0.84042 -0.0922378 2.63718e-05 0.000918822 -0.00435139 274.705 2.49284
163.33 -156.239 107.95 0.664743 -0.745184 -0.0244892 0.565178 0.592784 -0.294438 -8.49367e-05 -0.000409142 0.0025639 0 2.76983
186.635 -181.098 106.915 0.699767 -0.709829 -0.0353572 0.565636 0.586966 -0.241697 0.000111736 6.84662e-05 0.000524201 34.1575 2.76983
223.329 -215.564 104.891 0.751813 -0.652612 -0.0430476 0.583143 0.606722 -0.234462 0.000396618 0.000475055 -5.67898e-05 84.7232 2.76983
263.908 -249.222 102.607 0.767329 -0.632537 -0.0418544 0.664065 0.704919 -0.256253 0.000815423 0.00102888 -0.000192155 137.691 2.76983
289.778 -270.872 101.224 0.756126 -0.638477 -0.0400342 0.685962 0.735054 -0.259669 0.00067876 0.00092104 -8.86822e-05 171.647 2.76983
315.6 -292.341 99.8731 0.763021 -0.612958 -0.0388938 0.710416 0.767813 -0.262307 0.000766333 0.00104429 0.000163044 205.711 2.76983
328.79 -302.597 99.2222 0.772896 -0.578091 -0.0364208 0.725145 0.788169 -0.255216 0.000852782 0.00113808 0.000917214 222.904 2.76983
336.414 -308.152 98.8744 0.778009 -0.551779 -0.0344144 0.734761 0.800602 -0.239864 0.000832988 0.00116919 0.0013539 232.745 2.76983
342.485 -312.362 98.6143 0.78158 -0.529596 -0.0321203 0.740415 0.809381 -0.230454 0.000285802 0.00100671 -3.66521e-05 240.529 2.76983
356.128 -321.122 98.0661 0.801239 -0.486595 -0.0344416 0.737834 0.824991 -0.252602 0.000187286 0.000818703 0.000398841 257.792 2.76983
369.844 -328.999 97.3426 0.820166 -0.444929 -0.0538482 0.747252 0.83981 -0.216234 0.000926337 0.000933741 0.00390188 274.705 2.76983
164.721 -154.769 107.252 0.666665 -0.743891 -0.0205255 0.508481 0.541471 -0.246642 0.000777263 0.000531586 0.000884075 0 5.42648
188.079 -179.589 106.301 0.701196 -0.708599 -0.0342221 0.53704 0.565262 -0.227891 0.000894957 0.000861417 0.000213819 34.1575 5.42648
224.886 -213.934 104.268 0.75543 -0.648396 -0.0441224 0.586536 0.618378 -0.233723 0.0010834 0.00127192 -0.000239773 84.7232 5.42648
265.685 -247.323 101.921 0.770599 -0.628418 -0.0427179 0.663929 0.714467 -0.256217 0.00109665 0.00138357 -0.00030391 137.691 5.42648
291.633 -268.871 100.52 0.75805 -0.635943 -0.0403905 0.695659 0.755494 -0.264339 0.000864829 0.00112914 -0.000148318 171.647 5.42648
317.522 -290.25 99.1644 0.76495 -0.610232 -0.0386726 0.723314 0.792003 -0.266393 0.000767062 0.00106728 0.000162326 205.711 5.42648
330.744 -300.459 98.5335 0.774679 -0.575463 -0.0336522 0.735732 0.810276 -0.259774 0.000673047 0.00102235 0.000706546 222.904 5.42648
338.386 -305.989 98.221 0.779659 -0.549157 -0.0304687 0.742069 0.820238 -0.24945 0.000590222 0.00100151 0.00103114 232.745 5.42648
344.468 -310.178 97.9843 0.782561 -0.526815 -0.0308605 0.746256 0.827968 -0.241545 0.000336876 0.000905765 0.000530602 240.529 5.42648
358.115 -318.891 97.4105 0.801562 -0.484324 -0.0357062 0.749609 0.844811 -0.239167 0.000195388 0.000779858 0.000689636 257.792 5.42648
371.843 -326.739 96.7681 0.821356 -0.443788 -0.0401742 0.753681 0.857676 -0.215528 0.000286165 0.000741421 0.00210574 274.705 5.42648
170.188 -148.75 104.715 0.691601 -0.721631 -0.0257969 0.454202 0.519023 -0.221805 0.00158698 0.00140133 -0.000190454 0 16.6065
193.934 -173.23 103.769 0.707088 -0.703412 -0.0328682 0.505596 0.567671 -0.228619 0.0014223 0.00144715 -0.000208523 34.1575 16.6065
231.368 -206.894 101.653 0.773135 -0.627027 -0.0477194 0.573455 0.642111 -0.239635 0.00127436 0.00154638 -0.000259153 84.7232 16.6065
272.964 -239.256 99.0729 0.782763 -0.612494 -0.0466637 0.637399 0.727983 -0.255555 0.00111327 0.00147371 -0.000280497 137.691 16.6065
299.288 -260.316 97.5685 0.768331 -0.622662 -0.0423995 0.672984 0.774303 -0.264643 0.00100013 0.0013054 -0.000169285 171.647 16.6065
325.512 -281.255 96.1968 0.773989 -0.597596 -0.0370363 0.705723 0.817162 -0.267109 0.000874065 0.00120939 0.000104539 205.711 16.6065
338.876 -291.252 95.6232 0.781905 -0.563667 -0.0282813 0.719386 0.837299 -0.262254 0.000720689 0.00113302 0.000452865 222.904 16.6065
346.582 -296.668 95.3705 0.785289 -0.538311 -0.0223731 0.725753 0.848077 -0.256119 0.000582748 0.00105633 0.000664269 232.745 16.6065
352.705 -300.772 95.2003 0.787874 -0.515396 -0.0223253 0.729801 0.856018 -0.250617 0.000409047 0.000940093 0.000610854 240.529 16.6065
366.425 -309.308 94.8422 0.805062 -0.473624 -0.0240852 0.735244 0.87155 -0.241282 0.000278179 0.00086529 0.000822859 257.792 16.6065
380.187 -316.99 94.3601 0.820514 -0.437825 -0.029311 0.739893 0.88738 -0.220904 0.000271541 0.0010067 0.001587 274.705 16.6065
176.789 -140.853 101.308 0.721056 -0.691647 -0.030251 0.40982 0.513727 -0.224226 0.00199123 0.00200196 -0.000251617 0 32.2421
201.528 -164.32 100.213 0.735152 -0.673945 -0.037351 0.471931 0.579232 -0.232918 0.00164549 0.00183349 -0.000257288 34.1575 32.2421
240.178 -196.594 97.8711 0.792148 -0.602228 -0.0518613 0.547718 0.669158 -0.246278 0.00124582 0.00160739 -0.000235561 84.7232 32.2421
282.652 -227.723 95.071 0.799234 -0.589787 -0.051032 0.603735 0.749662 -0.257886 0.00108277 0.00151264 -0.000228241 137.691 32.2421
309.556 -248.012 93.4271 0.785429 -0.600227 -0.0457805 0.641361 0.800785 -0.265945 0.00106247 0.00144301 -0.000163588 171.647 32.2421
336.331 -268.219 92.0053 0.788451 -0.577318 -0.0358 0.676264 0.848169 -0.269046 0.000901344 0.00128532 5.08358e-05 205.711 32.2421
349.919 -277.883 91.4905 0.793381 -0.545345 -0.022507 0.690059 0.869046 -0.265709 0.00071057 0.00114592 0.000310373 222.904 32.2421
357.727 -283.125 91.3111 0.79469 -0.521226 -0.0141107 0.696219 0.879764 -0.261479 0.00056536 0.00104661 0.000494657 232.745 32.2421
363.918 -287.1 91.2169 0.795577 -0.499188 -0.0106792 0.700161 0.887603 -0.257113 0.000428585 0.000957004 0.0006148 240.529 32.2421
377.747 -295.371 91.0634 0.809988 -0.45893 -0.0106506 0.706244 0.903322 -0.24553 0.000272606 0.00087348 0.000723257 257.792 32.2421
391.572 -302.813 90.8055 0.823215 -0.423875 -0.0192439 0.709508 0.917476 -0.232407 0.000113326 0.000800295 0.000828551 274.705 32.2421
194.642 -114.984 89.9576 0.802399 -0.593938 -0.0418803 0.334181 0.564286 -0.24949 0.00161528 0.00212106 -0.000220795 0 80.341
222.138 -135.13 88.4635 0.813104 -0.577666 -0.0492237 0.385285 0.63384 -0.25628 0.00137698 0.00195153 -0.000176799 34.1575 80.341
264.196 -162.887 85.5935 0.846718 -0.522162 -0.0597465 0.449652 0.729318 -0.264206 0.00111613 0.00175372 -0.000109959 84.7232 80.341
309.275 -189.983 82.4194 0.849516 -0.513078 -0.0586725 0.502045 0.817568 -0.267708 0.00101145 0.00167362 -7.11782e-05 137.691 80.341
337.949 -207.654 80.5202 0.83691 -0.525266 -0.0519941 0.537159 0.874673 -0.270298 0.000976428 0.00156208 -3.91104e-05 171.647 80.341
366.338 -225.503 79.0103 0.829369 -0.515306 -0.0334009 0.568993 0.924668 -0.270386 0.000800351 0.00127781 3.53715e-05 205.711 80.341
380.548 -234.185 78.602 0.824341 -0.493225 -0.0120402 0.581255 0.944663 -0.269089 0.000615521 0.00104204 9.10425e-05 222.904 80.341
388.626 -238.945 78.5512 0.819133 -0.474924 0.00112181 0.586606 0.95416 -0.268002 0.000481829 0.00089216 0.000118779 232.745 80.341
394.986 -242.578 78.5901 0.814208 -0.457681 0.00832973 0.589964 0.960703 -0.266991 0.000353272 0.000754257 0.00013539 240.529 80.341
409.066 -250.192 78.7984 0.820189 -0.423966 0.0121071 0.594984 0.972809 -0.264455 0.000212129 0.000631911 0.000144767 257.792 80.341
423.01 -257.071 78.9266 0.82792 -0.390912 0.0022053 0.597402 0.982802 -0.261933 7.38397e-05 0.000549899 0.000153502 274.705 80.341
216.845 -64.1179 66.6977 0.910046 -0.41357 -0.0505218 0.18306 0.6172 -0.299632 0.00111865 0.00235924 -2.08475e-06 0 165.507
247.982 -78.1307 64.9063 0.915819 -0.400241 -0.0579014 0.218849 0.694856 -0.299448 0.000976856 0.00218771 1.28653e-05 34.1575 165.507
294.699 -97.39 61.8076 0.9273 -0.365148 -0.0575263 0.264995 0.801895 -0.298415 0.000832126 0.001997 5.97114e-05 84.7232 165.507
343.812 -116.343 58.9759 0.927239 -0.356843 -0.0510403 0.305399 0.902741 -0.293129 0.000767047 0.00188979 0.000139259 137.691 165.507
375.161 -128.769 57.3051 0.91472 -0.379214 -0.0461527 0.331591 0.966435 -0.28706 0.000752991 0.00170854 0.000172429 171.647 165.507
405.991 -142.21 55.9089 0.891902 -0.406089 -0.034153 0.357176 1.02021 -0.281273 0.000679559 0.00133242 9.27966e-05 205.711 165.507
421.171 -149.232 55.4246 0.873573 -0.409482 -0.020788 0.368447 1.04049 -0.280891 0.000597125 0.00102617 -5.46558e-05 222.904 165.507
429.691 -153.242 55.2615 0.859648 -0.406053 -0.0127621 0.374019 1.04954 -0.28221 0.000528864 0.000829645 -0.000180714 232.745 165.507
436.34 -156.383 55.1777 0.847423 -0.399652 -0.009224 0.377936 1.05544 -0.284011 0.00045237 0.000653113 -0.000277667 240.529 165.507
450.886 -163.155 55.0341 0.84117 -0.38221 -0.0105994 0.385131 1.06529 -0.289764 0.000359812 0.000486598 -0.000359947 257.792 165.507
465.106 -169.405 54.7617 0.839982 -0.357626 -0.0217312 0.390439 1.07235 -0.296489 0.000267884 0.000347871 -0.000435351 274.705 165.507
224.725 -25.2807 46.6416 0.965066 -0.26338 -0.0436783 0.0697932 0.620447 -0.341572 0.000749193 0.00270352 0.000170886 0 227.969
257.732 -34.1881 45.0806 0.968754 -0.253103 -0.0513423 0.093678 0.707658 -0.336104 0.000649318 0.00240287 0.000149281 34.1575 227.969
306.873 -46.444 42.2025 0.97022 -0.237136 -0.0561821 0.12441 0.823129 -0.329004 0.000554489 0.0020624 8.87262e-05 84.7232 227.969
358.133 -58.954 39.453 0.96713 -0.237713 -0.0469653 0.15191 0.924193 -0.326889 0.000542253 0.00197375 2.68731e-05 137.691 227.969
390.862 -67.4222 38.0398 0.95704 -0.268463 -0.034821 0.171204 0.993801 -0.326415 0.000597998 0.00189885 9.3153e-05 171.647 227.969
423.139 -77.4433 37.0993 0.933552 -0.318845 -0.0208075 0.192868 1.05422 -0.320501 0.000623626 0.00152394 0.000208803 205.711 227.969
439.018 -83.1158 36.8029 0.912312 -0.340003 -0.0134312 0.203908 1.07742 -0.316129 0.000617618 0.00118947 0.000242063 222.904 227.969
447.908 -86.4987 36.6881 0.895989 -0.34735 -0.0101622 0.209957 1.08796 -0.313784 0.000597198 0.000975574 0.000228909 232.745 227.969
454.831 -89.2153 36.6125 0.881435 -0.349569 -0.00961669 0.214555 1.09495 -0.312042 0.000561674 0.000788465 0.00021119 240.529 227.969
469.923 -95.2356 36.4165 0.869912 -0.344369 -0.0155035 0.224064 1.10711 -0.308495 0.000506645 0.000605244 0.000195806 257.792 227.969
484.593 -100.91 36.0491 0.865003 -0.326068 -0.0277068 0.232256 1.11612 -0.305204 0.000462067 0.000459348 0.000193456 274.705 227.969
223.726 32.7742 10.1981 0.998208 0.00394159 -0.0251113 -0.0846708 0.572821 -0.413497 -7.4034e-05 0.00317515 0.000188032 0 324.576
257.888 32.9531 9.27546 1.00197 0.00774997 -0.0319202 -0.086012 0.67312 -0.40504 -4.50004e-06 0.00269756 0.000307168 34.1575 324.576
308.648 32.4584 7.68463 1.00248 -0.0414512 -0.0228486 -0.0844865 0.800393 -0.38616 9.57252e-05 0.00222337 0.000411946 84.7232 324.576
361.689 30.0922 6.46581 0.999472 -0.0240758 -0.0318362 -0.0757372 0.907406 -0.361408 0.000113789 0.00222615 0.00026938 137.691 324.576
395.539 29.1731 5.34593 0.997161 -0.0517643 -0.0278933 -0.0734793 0.992708 -0.358652 0.000174731 0.00230656 8.7149e-05 171.647 324.576
429.389 25.5874 4.78788 0.986121 -0.162592 -0.00531039 -0.0637123 1.06597 -0.355415 0.000386919 0.00177518 0.0001348 205.711 324.576
446.24 22.2809 4.77363 0.970474 -0.222276 0.00347072 -0.0548033 1.09248 -0.352228 0.000558829 0.00132518 0.000194629 222.904 324.576
455.719 19.9366 4.82673 0.956264 -0.252742 0.00684052 -0.0486759 1.10393 -0.350142 0.000643208 0.00103828 0.000215304 232.745 324.576
463.115 17.8895 4.88564 0.943135 -0.27222 0.00807216 -0.0434226 1.11118 -0.348411 0.000690029 0.000797509 0.000226403 240.529 324.576
479.261 12.9904 4.98719 0.928968 -0.290511 0.00189867 -0.0310096 1.12291 -0.344355 0.000718964 0.000569232 0.00024295 257.792 324.576
494.907 8.09752 4.92129 0.922198 -0.285106 -0.00980577 -0.018678 1.13081 -0.340052 0.000739325 0.000364765 0.000265881 274.705 324.576
215.315 68.8271 -18.6068 0.972983 0.206018 -0.00432072 -0.166627 0.517666 -0.460714 -0.000835558 0.00340672 0.000321712 0 390.558
248.655 75.8924 -18.8086 0.979615 0.205475 -0.00971627 -0.190418 0.623773 -0.448038 -0.000557478 0.0028061 0.00042048 34.1575 390.558
298.765 83.8978 -18.9471 1.00283 0.086701 0.0135788 -0.212491 0.755086 -0.423589 -0.000240179 0.0021829 0.000414473 84.7232 390.558
352.013 88.3125 -18.7308 0.993443 0.134322 -0.025835 -0.215917 0.858818 -0.403387 -0.000228401 0.00220219 0.000144936 137.691 390.558
385.46 93.3071 -19.9338 0.99124 0.124165 -0.0299693 -0.229882 0.948135 -0.406083 -0.000254493 0.00250695 6.42165e-05 171.647 390.558
419.519 94.9803 -20.187 1.00673 -0.0351181 0.0135666 -0.233292 1.03013 -0.398983 0.000116053 0.00203612 0.000319956 205.711 390.558
436.866 93.5878 -19.8319 1.00571 -0.128455 0.0268428 -0.227453 1.06098 -0.391215 0.000450199 0.00155501 0.000458237 222.904 390.558
446.739 92.0637 -19.5435 0.999612 -0.179135 0.0312393 -0.221781 1.07445 -0.386486 0.000639243 0.00122931 0.00047575 232.745 390.558
454.496 90.5313 -19.2945 0.992715 -0.213554 0.0324622 -0.216254 1.08305 -0.382774 0.000770723 0.00095406 0.000474089 240.529 390.558
471.537 86.4486 -18.7588 0.982057 -0.25253 0.0277505 -0.201764 1.0971 -0.374553 0.000874458 0.000696552 0.00048275 257.792 390.558
488.106 82.1007 -18.3759 0.978618 -0.256988 0.0174175 -0.186328 1.10694 -0.366249 0.000951019 0.000467412 0.00049929 274.705 390.558
208.73 86.6901 -35.7814 0.940619 0.317901 0.00803366 -0.2025 0.486897 -0.488039 -0.0007021 0.00200448 0.00111156 0 426.484
240.984 97.5596 -35.5423 0.949132 0.315013 0.0040147 -0.228254 0.565746 -0.462842 -0.000805847 0.00261231 0.000363751 34.1575 426.484
290.034 110.331 -34.7601 0.994699 0.160173 0.0370628 -0.2737 0.719934 -0.462419 -0.000776003 0.00317267 6.85763e-05 84.7232 426.484
342.986 118.613 -33.5864 0.979057 0.221981 -0.0208835 -0.308448 0.895118 -0.455585 -0.000229519 0.00131619 0.000401461 137.691 426.484
375.753 126.837 -34.8107 0.974178 0.220861 -0.0308021 -0.30973 0.917907 -0.418761 -2.30943e-05 0.00102057 0.000796622 171.647 426.484
409.555 131.45 -34.8682 1.01057 0.0380454 0.0256874 -0.310036 0.965426 -0.400766 2.41995e-05 0.00168676 0.000299307 205.711 426.484
427.079 131.175 -34.2665 1.02167 -0.0725662 0.0430748 -0.308968 1.0051 -0.398552 0.000223682 0.00204277 0.000196437 222.904 426.484
437.15 130.148 -33.8098 1.02261 -0.133798 0.0490951 -0.305098 1.02333 -0.395883 0.00050853 0.00159912 0.000333451 232.745 426.484
445.105 128.938 -33.4186 1.02113 -0.176159 0.0511563 -0.30011 1.03423 -0.392716 0.000744304 0.00112749 0.000473217 240.529 426.484
462.681 125.396 -32.5435 1.0147 -0.226057 0.0482877 -0.285139 1.04949 -0.383189 0.000938661 0.000704775 0.000601163 257.792 426.484
479.83 121.444 -31.8018 1.01449 -0.236012 0.0391439 -0.268039 1.05839 -0.372177 0.00108353 0.000347666 0.000701077 274.705 426.484
204.234 96.7796 -45.8644 0.933035 0.345937 0.0252981 -0.231586 0.478552 -0.491629 -0.000439719 0.00123489 0.000176119 0 447.164
236.156 108.619 -45.0496 0.936738 0.345638 0.0195737 -0.250538 0.531551 -0.48714 -0.000669948 0.00186834 8.67161e-05 34.1575 447.164
283.963 125.105 -44.5288 0.957452 0.294867 0.00289591 -0.308764 0.693713 -0.482617 -0.00117757 0.00344338 0.000126307 84.7232 447.164
335.317 138.74 -44.2389 0.981052 0.222029 0.014077 -0.373905 0.892677 -0.473825 -0.00021769 0.00110245 0.000390888 137.691 447.164
368.867 145.567 -43.5866 0.992762 0.181985 0.0206014 -0.357521 0.893639 -0.433896 0.000306119 0.00064467 0.000943284 171.647 447.164
402.893 150.633 -42.9097 1.00969 0.0911915 0.0238659 -0.352867 0.937088 -0.408966 9.22944e-06 0.00163022 0.000409421 205.711 447.164
420.361 151.293 -42.3736 1.02306 -0.0223116 0.0402813 -0.354864 0.977464 -0.405901 5.7716e-05 0.00211145 0.000215489 222.904 447.164
430.473 150.702 -41.9192 1.03056 -0.095333 0.0514307 -0.352567 0.996573 -0.403347 0.000381622 0.00170639 0.000317319 232.745 447.164
438.515 149.743 -41.4864 1.03591 -0.150177 0.0595226 -0.348354 1.00842 -0.400353 0.000708756 0.00128642 0.000469451 240.529 447.164
456.405 146.517 -40.4117 1.03493 -0.213798 0.0624811 -0.333089 1.02681 -0.390692 0.000985467 0.000902701 0.000621432 257.792 447.164
473.935 142.717 -39.4066 1.03961 -0.228888 0.0553207 -0.314709 1.03933 -0.379137 0.00118807 0.000577279 0.000745048 274.705 447.164
197.728 109.211 -61.3569 0.899332 0.428758 0.0405403 -0.209713 0.378315 -0.586293 -0.0019353 0.00399213 0.00126536 0 476.04
228.469 123.847 -60.0141 0.901343 0.427001 0.0360691 -0.27222 0.506801 -0.541227 -0.00172461 0.00353101 0.00137333 34.1575 476.04
274.367 144.794 -58.1909 0.917621 0.393345 0.0409467 -0.354913 0.675357 -0.468406 -0.00127356 0.00281049 0.00121772 84.7232 476.04
324.066 162.901 -56.2954 0.969106 0.27731 0.0223902 -0.409272 0.809907 -0.409888 -0.000600682 0.00211073 0.000476308 137.691 476.04
357.577 171.177 -55.7686 0.991888 0.222177 0.0123185 -0.418248 0.877643 -0.412652 -0.000196408 0.0018637 -0.000281391 171.647 476.04
391.512 177.946 -55.1916 1.00806 0.147587 0.0272827 -0.422691 0.937301 -0.429147 -1.47804e-05 0.00168302 -0.000360204 205.711 476.04
408.991 179.538 -54.5494 1.02895 0.02854 0.0492791 -0.420959 0.965342 -0.433267 0.000238034 0.00158765 -7.04249e-05 222.904 476.04
419.199 179.418 -53.992 1.04385 -0.0502886 0.0632999 -0.417263 0.980559 -0.432296 0.000469495 0.00151547 0.000215697 232.745 476.04
427.368 178.787 -53.46 1.05572 -0.110776 0.073145 -0.412876 0.992119 -0.429706 0.000657113 0.0014366 0.000453709 240.529 476.04
445.662 176.181 -52.121 1.06076 -0.181068 0.0789743 -0.399902 1.01611 -0.419775 0.000816085 0.00133271 0.000655609 257.792 476.04
463.664 172.901 -50.8229 1.06953 -0.199392 0.0735209 -0.385003 1.03769 -0.407323 0.000945858 0.00121936 0.000816889 274.705 476.04
194.667 114.639 -70.9529 0.865782 0.49213 0.0607969 -0.17732 0.30968 -0.628803 -0.00266772 0.00452525 0.000826339 0 491.675
224.269 131.413 -68.902 0.868574 0.48835 0.057192 -0.258716 0.450118 -0.597508 -0.00209824 0.0036977 0.0010061 34.1575 491.675
268.775 155.028 -65.9522 0.897913 0.433964 0.0640647 -0.353813 0.622156 -0.54046 -0.00131476 0.00266729 0.00100923 84.7232 491.675
317.715 175.037 -63.1221 0.957529 0.315464 0.0306263 -0.404248 0.746354 -0.485037 -0.000948927 0.00253664 0.000771758 137.691 491.675
350.878 184.641 -62.5387 0.984251 0.258708 0.00847489 -0.436529 0.839457 -0.468017 -0.000681567 0.00235802 0.000194245 171.647 491.675
384.662 192.446 -62.172 1.00745 0.17306 0.0215126 -0.452461 0.913217 -0.471321 -0.000187991 0.00185857 -4.27565e-05 205.711 491.675
402.176 194.461 -61.5834 1.03322 0.0527388 0.0496221 -0.451123 0.942259 -0.471178 0.000219287 0.00165007 0.000211331 222.904 491.675
412.442 194.581 -60.9991 1.05097 -0.0258823 0.0683231 -0.447573 0.958113 -0.467101 0.000440325 0.00159422 0.000563357 232.745 491.675
420.675 194.142 -60.4135 1.06508 -0.0858288 0.0818364 -0.443512 0.970442 -0.461538 0.00060533 0.00155979 0.000872823 240.529 491.675
439.154 191.96 -58.8785 1.07251 -0.156895 0.0923005 -0.431529 0.997183 -0.443611 0.000753326 0.0015001 0.00115172 257.792 491.675
457.367 189.078 -57.3355 1.08253 -0.176878 0.0890027 -0.417754 1.02179 -0.422165 0.000875676 0.00141023 0.00138438 274.705 491.675
192.147 118.998 -81.1642 0.82962 0.548845 0.0631719 -0.140349 0.237883 -0.650933 -0.00226239 0.00321206 -0.00102175 0 507.625
220.489 137.773 -79.0674 0.832712 0.546207 0.0593116 -0.209975 0.340353 -0.67915 -0.00181443 0.00278781 -0.000630415 34.1575 507.625
263.519 163.911 -75.8117 0.877346 0.473348 0.075283 -0.292926 0.47448 -0.702012 -0.0014556 0.00267994 0.00015005 84.7232 507.625
311.546 186.042 -72.1809 0.937164 0.363834 0.0478619 -0.360269 0.617946 -0.662165 -0.00150262 0.00304654 0.00108634 137.691 507.625
343.942 197.388 -71.0597 0.965529 0.308774 0.0213443 -0.428318 0.751472 -0.607301 -0.00161757 0.00355146 0.00155576 171.647 507.625
377.278 206.631 -70.3685 1.00095 0.207997 0.0302285 -0.472324 0.864019 -0.554358 -0.000811168 0.00278951 0.00149677 205.711 507.625
394.76 209.205 -69.5931 1.03475 0.0828922 0.0633646 -0.479041 0.906692 -0.527703 -0.000162664 0.00229887 0.00159914 222.904 507.625
405.064 209.612 -68.8519 1.05664 0.0021182 0.0862749 -0.47841 0.927687 -0.511365 0.000184058 0.00204909 0.00170396 232.745 507.625
413.353 209.386 -68.1116 1.07383 -0.0590204 0.103598 -0.476043 0.942986 -0.497755 0.000437598 0.001854 0.00180203 240.529 507.625
432.012 207.642 -66.1646 1.08426 -0.132895 0.118269 -0.466183 0.973075 -0.465714 0.000667855 0.00164399 0.001926 257.792 507.625
450.444 205.151 -64.1642 1.0966 -0.154112 0.115998 -0.453251 0.999209 -0.431953 0.000861427 0.00144657 0.00206637 274.705 507.625
191.188 120.591 -85.8625 0.816163 0.568388 0.0530177 -0.154106 0.24627 -0.735914 -0.00131341 0.00189355 -0.000517635 0 514.841
219.086 140.014 -84.0907 0.82015 0.564827 0.0502995 -0.1942 0.305521 -0.748526 -0.00103423 0.00157574 -0.000220837 34.1575 514.841
261.579 167.006 -81.1378 0.868785 0.48839 0.0735552 -0.241438 0.380211 -0.752616 -0.00103699 0.00181956 -3.84121e-06 84.7232 514.841
309.075 190.197 -77.2724 0.922373 0.392644 0.058826 -0.327642 0.540055 -0.748834 -0.00179368 0.00332004 0.00128303 137.691 514.841
340.896 202.629 -75.6937 0.950475 0.340795 0.0359736 -0.417962 0.707054 -0.647122 -0.00234221 0.00468328 0.00323002 171.647 514.841
373.847 212.781 -74.5179 0.994187 0.229452 0.0441449 -0.487158 0.859053 -0.52878 -0.00136621 0.00363775 0.00299262 205.711 514.841
391.262 215.689 -73.502 1.033 0.100229 0.0774558 -0.501686 0.914012 -0.480186 -0.000424822 0.00258282 0.00243908 222.904 514.841
401.564 216.257 -72.6209 1.05736 0.0175297 0.100619 -0.502139 0.935858 -0.457663 0.000161454 0.00194391 0.0020585 232.745 514.841
409.866 216.149 -71.7691 1.0765 -0.0441592 0.117921 -0.499218 0.94944 -0.442797 0.000601336 0.00148761 0.00172508 240.529 514.841
428.591 214.632 -69.5666 1.08887 -0.121007 0.133335 -0.484633 0.971424 -0.415345 0.00096295 0.00112156 0.00151932 257.792 514.841
447.112 212.334 -67.303 1.10257 -0.142993 0.132409 -0.466274 0.987911 -0.39073 0.00120807 0.000828144 0.00139152 274.705 514.841
190.746 121.279 -90.8043 0.807108 0.583589 0.0671656 0.0980347 -0.155727 -1.04305 -0.00332022 0.0053119 0.00378658 0 520.113
218.352 141.161 -88.5298 0.811508 0.577509 0.0655797 -0.0123579 0.0181151 -0.923674 -0.00314353 0.00486695 0.00320316 34.1575 520.113
260.453 168.759 -85.1581 0.861489 0.500819 0.0698898 -0.168289 0.2552 -0.774984 -0.00235296 0.00370897 0.000794341 84.7232 520.113
307.44 192.844 -81.43 0.90937 0.4161 0.0686961 -0.276825 0.435407 -0.838955 -0.00194887 0.00340859 -0.000104238 137.691 520.113
338.809 206.109 -79.313 0.939358 0.363273 0.0517583 -0.339672 0.551495 -0.805028 -0.000208685 0.000684294 -0.00121599 171.647 520.113
371.496 216.864 -77.8008 0.99005 0.241934 0.051116 -0.290864 0.481731 -0.922039 0.00140397 -0.00168952 -0.00327087 205.711 520.113
388.862 220.003 -76.6588 1.03107 0.114392 0.0863042 -0.266793 0.45833 -0.976453 0.000366408 0.000696404 -0.00118856 222.904 520.113
399.152 220.699 -75.6677 1.05629 0.029116 0.113968 -0.273167 0.485793 -0.969322 -0.000987523 0.00298907 0.00159064 232.745 520.113
407.446 220.697 -74.7062 1.07614 -0.0276319 0.132581 -0.290212 0.530926 -0.939385 -0.00253516 0.00630124 0.00522259 240.529 520.113
426.167 219.426 -72.1887 1.08909 -0.107605 0.154446 -0.352076 0.678554 -0.800461 -0.00358467 0.00847024 0.00986194 257.792 520.113
444.699 217.347 -69.5362 1.10341 -0.131458 0.156992 -0.416192 0.828633 -0.593433 -0.00399746 0.00927747 0.0146204 274.705 520.113
191.971 119.35 -95.0609 0.788958 0.614827 0.0823598 0.464151 -0.73448 -0.856752 -0.00776842 0.0124656 0.00162551 0 524.166
218.921 140.273 -92.2405 0.791875 0.60654 0.0830244 0.282459 -0.443187 -0.812079 -0.00287007 0.00459028 0.000990181 34.1575 524.166
260.43 168.789 -88.3592 0.861591 0.502758 0.0658678 0.164573 -0.255684 -0.744744 0.000712667 -0.00122602 0.000808989 84.7232 524.166
307.615 192.564 -85.12 0.912312 0.411902 0.0628241 0.373489 -0.59906 -0.718301 0.00306012 -0.00532145 0.00235976 137.691 524.166
339.101 205.631 -82.9978 0.947716 0.349695 0.0580334 0.450082 -0.745023 -0.572913 0.0017342 -0.00362239 0.00642767 171.647 524.166
372.233 215.559 -81.133 1.00175 0.215877 0.0619243 0.517807 -0.900558 -0.182954 0.00114138 -0.00336201 0.0103188 205.711 524.166
389.761 218.385 -79.8521 1.03453 0.106644 0.0902866 0.523853 -0.940553 -0.0160767 -6.01275e-05 -0.000895818 0.00335273 222.904 524.166
400.041 219.083 -78.8518 1.05158 0.0369854 0.112151 0.518204 -0.95028 0.0104892 -0.000765529 -0.000694914 0.000285928 232.745 524.166
408.271 219.185 -77.919 1.06383 -0.00915574 0.127142 0.51049 -0.953645 -0.00597481 -0.000764512 -5.23857e-05 -0.00272202 240.529 524.166
426.72 218.377 -75.5223 1.07138 -0.075177 0.147511 0.484458 -0.949138 -0.123055 -0.00174843 0.000680441 -0.00751943 257.792 524.166
444.904 216.883 -72.9571 1.07968 -0.095767 0.154082 0.44857 -0.929662 -0.272376 -0.00249555 0.00162272 -0.0101387 274.705 524.166
193.041 117.646 -96.5347 0.778536 0.633163 0.0817254 0.589151 -0.945967 -0.559593 -0.00851991 0.0140577 -0.00485094 0 526.203
219.614 139.182 -93.722 0.780555 0.623783 0.0838135 0.401302 -0.635669 -0.645084 -0.00247907 0.00411101 -0.000154775 34.1575 526.203
260.92 168.03 -89.7003 0.868779 0.492904 0.0703796 0.306018 -0.475872 -0.541836 0.000780692 -0.00132387 0.00330017 84.7232 526.203
308.604 190.975 -85.9775 0.917966 0.400858 0.0780876 0.541645 -0.873572 -0.0758587 0.00185059 -0.00352841 0.0088566 137.691 526.203
340.168 203.86 -83.2441 0.947747 0.347813 0.0775879 0.520574 -0.866448 0.247489 -0.000456532 0.000156047 0.00370901 171.647 526.203
373.275 213.747 -80.7755 1.00068 0.214912 0.0755527 0.48928 -0.855673 0.349087 -0.000378107 -0.000642747 0.000878613 205.711 526.203
390.78 216.554 -79.3219 1.03313 0.105376 0.0961565 0.490809 -0.885363 0.330957 -3.71584e-05 -0.00167496 -0.00119637 222.904 526.203
401.046 217.239 -78.2901 1.05003 0.0354891 0.112878 0.489202 -0.901365 0.317766 -0.00032293 -0.00142533 -0.00120377 232.745 526.203
409.263 217.329 -77.3647 1.06201 -0.0107228 0.124654 0.48536 -0.911274 0.309142 -0.000675677 -0.000957545 -0.000764235 240.529 526.203
427.678 216.496 -75.0462 1.06923 -0.0762891 0.141907 0.469386 -0.92401 0.300565 -0.00114789 -0.000356325 8.42625e-05 257.792 526.203
445.819 214.992 -72.5678 1.07665 -0.095799 0.150034 0.445437 -0.923825 0.311874 -0.00168418 0.000378274 0.00125314 274.705 526.203
194.968 114.503 -97.4245 0.7644 0.658444 0.066185 0.572881 -0.948651 -0.0282528 -0.00358031 0.00651303 -0.00931515 0 529.224
221.04 136.894 -95.1197 0.765397 0.648537 0.0711466 0.488509 -0.79395 -0.218927 -0.0013599 0.00254507 -0.00184927 34.1575 529.224
262.015 166.319 -90.7705 0.87516 0.482677 0.102825 0.416888 -0.655167 -0.203902 1.47218e-05 -6.96302e-05 0.00279104 84.7232 529.224
310.165 188.432 -85.2284 0.921277 0.393787 0.0954728 0.494799 -0.814203 0.327916 0.000145195 -0.000361058 0.000899393 137.691 529.224
341.687 201.306 -82.3262 0.945704 0.350142 0.076737 0.498786 -0.846369 0.321073 3.68557e-06 -0.000946366 -0.000171263 171.647 529.224
374.748 211.151 -79.8227 1.00021 0.21083 0.0780443 0.495037 -0.87858 0.316269 -0.000125285 -0.000994689 0.000359228 205.711 529.224
392.249 213.88 -78.332 1.03257 0.100658 0.0974749 0.49192 -0.902097 0.333058 -0.000270964 -0.00138876 0.000696087 222.904 529.224
402.507 214.52 -77.2951 1.04883 0.0312319 0.112698 0.488344 -0.916108 0.337218 -0.000446017 -0.00138377 0.000188405 232.745 529.224
410.712 214.58 -76.3746 1.05997 -0.0143773 0.123634 0.484219 -0.926599 0.336865 -0.000665512 -0.00117775 -0.000184968 240.529 529.224
429.083 213.702 -74.0757 1.0659 -0.0776411 0.141197 0.470315 -0.944128 0.33124 -0.00100885 -0.000603687 -0.000111904 257.792 529.224
447.155 212.199 -71.5907 1.07176 -0.0944268 0.15164 0.449712 -0.947435 0.332954 -0.00142757 0.00021268 0.000314608 274.705 529.224
198.716 108.019 -95.0988 0.758069 0.677549 0.0397378 0.329264 -0.604369 0.343747 0.00207446 -0.0019975 -0.000240469 0 537.089
224.558 131.018 -93.5881 0.756901 0.666951 0.0491057 0.382525 -0.656243 0.332935 0.00104411 -0.00103985 -0.000392585 34.1575 537.089
265.38 160.902 -89.4875 0.880841 0.473789 0.121849 0.423783 -0.699065 0.303781 0.000733065 -0.00127915 -0.000184104 84.7232 537.089
313.927 182.095 -82.7597 0.927409 0.378432 0.10495 0.471758 -0.813335 0.311417 0.000693547 -0.0018407 0.00018669 137.691 537.089
345.566 194.573 -79.836 0.947681 0.340591 0.0748767 0.489968 -0.870036 0.319703 0.000340123 -0.00154068 0.00039736 171.647 537.089
378.647 204.077 -77.2391 0.999546 0.200208 0.0838011 0.495077 -0.919047 0.338702 -2.39312e-06 -0.00145681 0.000542583 205.711 537.089
396.122 206.621 -75.6586 1.03014 0.0895767 0.101378 0.492416 -0.94441 0.347772 -0.000235988 -0.00148389 0.00041611 222.904 537.089
406.349 207.149 -74.5964 1.04514 0.0199153 0.114022 0.489294 -0.9591 0.350771 -0.000388804 -0.0014891 0.000209638 232.745 537.089
414.522 207.123 -73.6728 1.05497 -0.0248775 0.123151 0.485711 -0.970662 0.351663 -0.000566133 -0.00143774 -5.33457e-06 240.529 537.089
432.792 206.088 -71.4031 1.05875 -0.0854183 0.138848 0.47411 -0.994661 0.349501 -0.000774007 -0.00122464 -0.000226963 257.792 537.089
450.725 204.509 -68.9574 1.06269 -0.0934719 0.149444 0.459201 -1.01272 0.343914 -0.000989183 -0.000911174 -0.000433698 274.705 537.089
202.218 101.358 -90.857 0.783315 0.647057 0.0385925 0.25495 -0.506282 0.356766 0.00209208 -0.00295765 2.76977e-05 0 549.193
228.835 123.419 -89.4165 0.776986 0.642498 0.0466859 0.327528 -0.604889 0.355145 0.00214194 -0.00282145 -4.36171e-05 34.1575 549.193
270.424 152.261 -85.5554 0.890944 0.453599 0.117796 0.408623 -0.726787 0.343156 0.000919367 -0.00199207 -0.000449605 84.7232 549.193
319.469 172.187 -78.8868 0.935335 0.355867 0.106164 0.444041 -0.823909 0.327941 0.000621663 -0.00188733 2.30918e-05 137.691 549.193
351.35 183.921 -75.8627 0.952892 0.319568 0.0799023 0.465447 -0.889363 0.335972 0.000500642 -0.00189815 0.00041647 171.647 549.193
384.52 192.777 -73.057 0.999669 0.181872 0.0896366 0.474583 -0.94685 0.351364 2.18504e-05 -0.00156834 0.000419916 205.711 549.193
401.967 195 -71.3862 1.02726 0.0707409 0.105347 0.472481 -0.974251 0.357302 -0.000240908 -0.00161374 0.000247092 222.904 549.193
412.156 195.34 -70.2956 1.04049 0.000635549 0.115917 0.469361 -0.990481 0.359039 -0.000382595 -0.00167046 0.000107347 232.745 549.193
420.287 195.163 -69.364 1.04872 -0.0442748 0.123232 0.46601 -1.00368 0.359493 -0.000481406 -0.00172477 1.2117e-05 240.529 549.193
438.431 193.798 -67.114 1.0505 -0.103291 0.136712 0.456474 -1.03332 0.358256 -0.000611151 -0.00166797 -0.000136062 257.792 549.193
456.211 191.934 -64.7177 1.05293 -0.109629 0.145814 0.445642 -1.06106 0.355392 -0.000663265 -0.00166221 -0.000191453 274.705 549.193
205.025 95.5224 -86.4724 0.80859 0.607972 0.0398391 0.214582 -0.467886 0.367347 0.00207925 -0.00341736 0.000154774 0 561.296
232.565 116.243 -85.021 0.805537 0.602993 0.0471702 0.292121 -0.586381 0.369939 0.00244305 -0.00352699 8.72946e-05 34.1575 561.296
275.246 143.356 -81.2487 0.902689 0.427143 0.111838 0.387031 -0.742825 0.365684 0.00100456 -0.0023143 -0.000498962 84.7232 561.296
324.678 162.15 -74.8356 0.942593 0.332763 0.105728 0.416746 -0.834586 0.34089 0.000583317 -0.0019296 -8.61959e-05 137.691 561.296
356.824 173.062 -71.7244 0.959307 0.295489 0.0845564 0.438728 -0.904304 0.346969 0.000539154 -0.00204584 0.000335971 171.647 561.296
390.117 181.189 -68.7578 1.00006 0.162355 0.0939234 0.449374 -0.96654 0.358044 4.12405e-05 -0.00165204 0.000286673 205.711 561.296
407.539 183.074 -67.0309 1.0243 0.0508716 0.107537 0.447432 -0.994907 0.361481 -0.000249104 -0.00165466 0.000122077 222.904 561.296
417.69 183.215 -65.9256 1.03577 -0.0198865 0.116713 0.444118 -1.01142 0.362227 -0.000402471 -0.00169437 2.79652e-05 232.745 561.296
425.78 182.875 -64.991 1.04297 -0.0655949 0.123285 0.44063 -1.02477 0.362251 -0.000483114 -0.00175544 -9.88955e-06 240.529 561.296
443.811 181.143 -62.7546 1.04342 -0.124327 0.135308 0.431287 -1.05504 0.361116 -0.000581054 -0.0017474 -0.000106074 257.792 561.296
461.469 178.923 -60.3852 1.04564 -0.131376 0.144195 0.42139 -1.08484 0.359252 -0.000581918 -0.00183487 -0.000101573 274.705 561.296
208.399 87.7781 -80.4551 0.841698 0.552962 0.0422704 0.213563 -0.509547 0.377662 0.0020148 -0.00325183 0.000104732 0 577.434
237.098 106.646 -78.9671 0.840107 0.549417 0.0477717 0.275388 -0.612799 0.37813 0.00160518 -0.00279383 -7.73569e-05 34.1575 577.434
281.194 131.314 -75.276 0.918789 0.390298 0.105451 0.348233 -0.746033 0.369516 0.000960852 -0.00213619 -0.000228543 84.7232 577.434
331.114 148.565 -69.2313 0.951935 0.301213 0.103713 0.381007 -0.84898 0.352594 0.000584363 -0.00197919 -0.000147427 137.691 577.434
363.595 158.352 -66.0602 0.967183 0.263015 0.0881001 0.399685 -0.917404 0.353429 0.000400717 -0.00191645 7.36945e-05 171.647 577.434
397.049 165.462 -62.9686 1.00088 0.135077 0.0970088 0.408424 -0.980171 0.357644 5.9544e-05 -0.00172032 9.25695e-05 205.711 577.434
414.438 166.889 -61.2067 1.02016 0.0246318 0.108609 0.406078 -1.00816 0.358728 -0.000265125 -0.0015709 2.3842e-05 222.904 577.434
424.531 166.773 -60.0973 1.02879 -0.0458875 0.116543 0.402199 -1.02308 0.358577 -0.000469549 -0.0014813 -4.2238e-05 232.745 577.434
432.56 166.232 -59.1669 1.03428 -0.0916497 0.122488 0.397957 -1.03434 0.358038 -0.000619846 -0.00139759 -0.000100611 240.529 577.434
450.424 164.055 -56.956 1.03302 -0.149684 0.1333 0.38596 -1.05764 0.355759 -0.000747437 -0.00128725 -0.000160845 257.792 577.434
467.9 161.409 -54.6234 1.03464 -0.156968 0.141974 0.372419 -1.07838 0.352549 -0.000853903 -0.0011654 -0.00021875 274.705 577.434
212.304 77.8003 -72.9533 0.876188 0.491374 0.0422983 0.186894 -0.513124 0.391054 0.00155396 -0.00309874 -8.50062e-05 0 596.946
242.145 94.6172 -71.4912 0.87211 0.491449 0.0460615 0.242006 -0.620027 0.388139 0.00164432 -0.00311488 -0.000100386 34.1575 596.946
287.589 116.636 -67.9786 0.935825 0.347125 0.100065 0.307314 -0.758245 0.378436 0.000794292 -0.0022782 -0.000312271 84.7232 596.946
338.121 131.841 -62.2308 0.962386 0.262588 0.101137 0.337205 -0.864858 0.364598 0.00049005 -0.00198435 -0.000121591 137.691 596.946
370.942 140.286 -59.0677 0.974952 0.224115 0.0888126 0.353361 -0.933983 0.363111 0.000388133 -0.00205463 2.55928e-06 171.647 596.946
404.558 146.138 -55.9461 1.00136 0.10094 0.0972102 0.36105 -0.999779 0.362364 -6.88502e-06 -0.00177194 -5.96074e-05 205.711 596.946
421.898 147.016 -54.1895 1.01437 -0.00525033 0.107639 0.358305 -1.02812 0.360936 -0.000323579 -0.00149824 -0.000113199 222.904 596.946
431.911 146.62 -53.0947 1.019 -0.0730345 0.114617 0.354016 -1.04198 0.359644 -0.000528865 -0.0013165 -0.000148843 232.745 596.946
439.852 145.875 -52.1823 1.02147 -0.116732 0.119743 0.349324 -1.05172 0.358376 -0.000685414 -0.00119108 -0.000177857 240.529 596.946
457.467 143.295 -50.0282 1.01754 -0.171326 0.129514 0.336039 -1.07016 0.354879 -0.000828189 -0.000963124 -0.000225594 257.792 596.946
474.666 140.304 -47.7677 1.01736 -0.176491 0.137269 0.321336 -1.0854 0.350712 -0.00090789 -0.00086302 -0.00026429 274.705 596.946
215.696 67.7586 -65.2048 0.903638 0.430577 0.0396113 0.160922 -0.516088 0.40294 0.0012931 -0.00317062 -0.000173547 0 616.457
246.545 82.456 -63.8223 0.903062 0.429166 0.0437591 0.209139 -0.626398 0.397906 0.00149734 -0.00323594 -0.000138068 34.1575 616.457
293.187 101.737 -60.511 0.950135 0.301826 0.0937022 0.266508 -0.768675 0.386953 0.00068152 -0.00235414 -0.00032874 84.7232 616.457
344.269 114.834 -55.0189 0.971182 0.223609 0.0987718 0.292891 -0.877925 0.374263 0.000414755 -0.00201539 -0.000125908 137.691 616.457
377.38 121.922 -51.8993 0.982036 0.183475 0.0883256 0.306474 -0.947856 0.371447 0.000330545 -0.00209478 -4.92667e-05 171.647 616.457
411.13 126.478 -48.8212 1.00074 0.0661996 0.0951634 0.312402 -1.01472 0.368137 -5.37124e-05 -0.00178222 -0.000137882 205.711 616.457
428.411 126.802 -47.1078 1.00771 -0.0340718 0.104582 0.309115 -1.04297 0.365319 -0.000354818 -0.00146216 -0.000190203 222.904 616.457
438.338 126.142 -46.0459 1.00839 -0.0978507 0.110982 0.304586 -1.05629 0.363319 -0.000552876 -0.00124237 -0.000217471 232.745 616.457
446.185 125.215 -45.1636 1.00783 -0.138818 0.115658 0.299727 -1.06534 0.361545 -0.000704119 -0.00109056 -0.000238028 240.529 616.457
463.537 122.301 -43.0877 1.00115 -0.188514 0.124561 0.286153 -1.0817 0.357062 -0.000839387 -0.000830618 -0.000280446 257.792 616.457
480.447 119.039 -40.9173 0.999596 -0.191706 0.131633 0.27139 -1.09461 0.352006 -0.000903432 -0.000723737 -0.000314183 274.705 616.457
219.444 54.2911 -54.5407 0.93603 0.343161 0.0352185 0.127378 -0.519086 0.416447 0.00125636 -0.00361643 -0.000134182 0 642.473
251.424 66.0637 -53.3053 0.936419 0.346159 0.0392736 0.166116 -0.633559 0.41055 0.00101187 -0.00308623 -0.000211104 34.1575 642.473
299.414 81.5879 -50.3032 0.96679 0.240347 0.0859661 0.21228 -0.77981 0.397684 0.000614828 -0.00235264 -0.000246073 84.7232 642.473
351.112 91.8143 -45.1531 0.980977 0.170216 0.0949275 0.233012 -0.890977 0.38351 0.000343946 -0.00209705 -0.000178569 137.691 642.473
384.531 97.0676 -42.1135 0.9889 0.129888 0.0864613 0.243082 -0.962142 0.380468 0.000183758 -0.00199581 -8.83307e-05 171.647 642.473
418.393 99.8969 -39.1267 0.998851 0.0203333 0.0914293 0.24556 -1.02739 0.377472 -8.56566e-05 -0.00173165 -0.000127287 205.711 642.473
435.577 99.4952 -37.4923 0.998379 -0.0720838 0.0992816 0.241323 -1.05483 0.374546 -0.000354137 -0.00147097 -0.000199481 222.904 642.473
445.384 98.4893 -36.4877 0.994165 -0.130371 0.104756 0.236738 -1.06824 0.372272 -0.000529971 -0.00128459 -0.000249898 232.745 642.473
453.107 97.3252 -35.6566 0.989958 -0.167182 0.108702 0.2321 -1.07767 0.370174 -0.00065616 -0.00112139 -0.000291692 240.529 642.473
470.117 93.976 -33.7106 0.980264 -0.210963 0.116476 0.219694 -1.09555 0.36474 -0.000746121 -0.000952019 -0.000338186 257.792 642.473
486.659 90.3674 -31.686 0.977128 -0.21079 0.122522 0.206564 -1.11029 0.358603 -0.000806573 -0.000791734 -0.000387475 274.705 642.473
223.111 36.3231 -40.1677 0.969973 0.222052 0.03162 0.0853384 -0.524588 0.418154 0.000730184 -0.00342134 -7.46994e-05 0 676.925
256.188 44.0982 -39.0575 0.966724 0.233951 0.0352403 0.110399 -0.641352 0.416394 0.000739009 -0.00337764 -4.37164e-05 34.1575 676.925
305.499 54.5063 -36.4208 0.983874 0.157954 0.0754063 0.140973 -0.791332 0.407511 0.000379504 -0.00242607 -0.00035509 84.7232 676.925
357.781 60.8351 -31.8573 0.990152 0.0970142 0.0869905 0.154026 -0.906313 0.388001 0.00018823 -0.00215062 -0.000278589 137.691 676.925
391.461 63.5879 -28.9884 0.993197 0.0586826 0.0819756 0.159122 -0.980061 0.381198 6.33806e-05 -0.00212202 -0.000173019 171.647 676.925
425.341 64.1769 -26.166 0.993852 -0.0381105 0.0854374 0.157633 -1.04495 0.374729 -0.000200453 -0.00166849 -0.00021699 205.711 676.925
442.36 62.8479 -24.6501 0.985032 -0.121485 0.0917163 0.152346 -1.07143 0.370806 -0.000417046 -0.00140129 -0.000238726 222.904 676.925
452.006 61.3879 -23.7263 0.9755 -0.173753 0.0961529 0.147518 -1.08438 0.368381 -0.000551505 -0.00123312 -0.000251076 232.745 676.925
459.568 59.9034 -22.9652 0.96731 -0.206099 0.0992296 0.142862 -1.09352 0.366391 -0.00065593 -0.00112682 -0.000261944 240.529 676.925
476.156 55.9423 -21.1922 0.954965 -0.243307 0.105805 0.13078 -1.11103 0.361705 -0.000720299 -0.000918839 -0.000286142 257.792 676.925
492.26 51.8257 -19.3606 0.950537 -0.239039 0.110401 0.118466 -1.1256 0.356555 -0.000738664 -0.000830603 -0.000321269 274.705 676.925
225.312 18.1022 -25.712 0.987453 0.106912 0.0300724 0.0422587 -0.533758 0.421236 0.000300669 -0.00326989 -1.51253e-05 0 711.378
259.029 21.8857 -24.6248 0.986762 0.116865 0.0348364 0.0544584 -0.647886 0.42127 0.000415782 -0.00336932 -4.07252e-07 34.1575 711.378
309.131 27.1281 -22.2712 0.993116 0.0734778 0.0623149 0.0698945 -0.797022 0.41319 0.000159557 -0.00247349 -0.000393027 84.7232 711.378
361.72 29.4397 -18.44 0.993919 0.0221507 0.0759789 0.0745696 -0.915126 0.390562 3.00772e-05 -0.00219348 -0.000357046 137.691 711.378
395.486 29.6279 -15.865 0.993105 -0.0152451 0.074474 0.0743892 -0.990014 0.380367 -7.11019e-05 -0.0021538 -0.000263408 171.647 711.378
429.245 27.9799 -13.3184 0.98532 -0.0951445 0.0767231 0.0688786 -1.05507 0.370898 -0.000290746 -0.00164979 -0.000285322 205.711 711.378
446.065 25.748 -11.9526 0.969895 -0.168949 0.0828987 0.0625809 -1.08109 0.366135 -0.000458015 -0.0013585 -0.000272181 222.904 711.378
455.54 23.8499 -11.1156 0.956306 -0.215293 0.0873479 0.0575516 -1.09357 0.36352 -0.000560632 -0.00117765 -0.000261615 232.745 711.378
462.943 22.0578 -10.423 0.944944 -0.244071 0.090394 0.0529179 -1.10226 0.361511 -0.000639785 -0.00106655 -0.000254726 240.529 711.378
479.122 17.5112 -8.80547 0.930781 -0.273809 0.0964249 0.0413371 -1.1186 0.357088 -0.000681439 -0.000845057 -0.000263232 257.792 711.378
494.816 12.9106 -7.14139 0.926117 -0.266814 0.100034 0.0298468 -1.13195 0.352432 -0.000680567 -0.000764217 -0.000285635 274.705 711.378
225.904 -6.80373 -6.22772 0.990907 -0.0399199 0.0312046 -0.0167986 -0.551691 0.427484 -0.000121641 -0.00313584 6.44475e-05 0 757.314
259.811 -8.03963 -5.15173 0.994506 -0.0289863 0.0325553 -0.0204735 -0.654639 0.426268 -9.35357e-05 -0.00289199 -0.000135673 34.1575 757.314
310.171 -9.48995 -3.23677 0.994155 -0.040846 0.0451546 -0.0245194 -0.795537 0.414309 -0.000109783 -0.00249627 -0.000333042 84.7232 757.314
362.698 -12.6793 -0.476267 0.990387 -0.0796131 0.0577985 -0.0321022 -0.916731 0.390976 -0.000184578 -0.00223397 -0.00042811 137.691 757.314
396.286 -15.9244 1.5372 0.985312 -0.112425 0.059441 -0.039788 -0.990894 0.376833 -0.000272351 -0.00204925 -0.00039279 171.647 757.314
429.667 -20.5805 3.57058 0.969908 -0.171644 0.0621418 -0.0507459 -1.05696 0.364097 -0.000373018 -0.00169402 -0.000343188 205.711 757.314
446.168 -24.0084 4.69644 0.948235 -0.230821 0.0695385 -0.0583287 -1.08317 0.35846 -0.00047851 -0.00134326 -0.00030778 222.904 757.314
455.407 -26.4661 5.40638 0.930632 -0.267576 0.0747367 -0.0635615 -1.09504 0.355529 -0.000553503 -0.00109748 -0.000290229 232.745 757.314
462.599 -28.6386 6.00239 0.916509 -0.289319 0.0782621 -0.0681031 -1.10286 0.353296 -0.000593504 -0.000883998 -0.000280149 240.529 757.314
478.267 -33.876 7.41083 0.901045 -0.309194 0.0841918 -0.0787415 -1.11636 0.348473 -0.000609342 -0.000683523 -0.000278007 257.792 757.314
493.459 -39.0226 8.86185 0.89635 -0.296842 0.0871203 -0.0891233 -1.12647 0.343706 -0.000618369 -0.000511976 -0.00028568 274.705 757.314
223.955 -30.0497 11.59 0.980291 -0.1605 0.0260646 -0.0771946 -0.566714 0.430434 -0.000395087 -0.00271359 -0.000273645 0 798.79
257.496 -35.3405 12.4276 0.984375 -0.144972 0.0234951 -0.0911282 -0.659909 0.421083 -0.000392064 -0.00270689 -0.000283998 34.1575 798.79
307.4 -42.3999 13.7474 0.98467 -0.142729 0.0310933 -0.109041 -0.790087 0.404891 -0.000347452 -0.00241643 -0.000343986 84.7232 798.79
359.37 -50.5981 15.6332 0.97876 -0.17033 0.0409676 -0.12825 -0.910191 0.385503 -0.000376525 -0.00214528 -0.000390559 137.691 798.79
392.513 -56.8463 17.0946 0.970449 -0.197103 0.0438698 -0.14198 -0.981028 0.372703 -0.000443107 -0.00202956 -0.000365668 171.647 798.79
425.337 -64.2173 18.6296 0.951557 -0.242212 0.0483458 -0.157901 -1.04584 0.36112 -0.000507839 -0.00170209 -0.000327592 205.711 798.79
441.495 -68.7296 19.522 0.927148 -0.285728 0.0561395 -0.166838 -1.07186 0.355448 -0.000535999 -0.00130471 -0.00033703 222.904 798.79
450.514 -71.6711 20.1011 0.907675 -0.311735 0.0614127 -0.172226 -1.08333 0.3521 -0.000552543 -0.00103553 -0.000346883 232.745 798.79
457.521 -74.1566 20.5932 0.892183 -0.325497 0.0648419 -0.176566 -1.09064 0.349374 -0.000575245 -0.000858644 -0.000358119 240.529 798.79
472.771 -79.9183 21.767 0.877619 -0.334889 0.0703121 -0.186067 -1.10256 0.343051 -0.000520838 -0.000567385 -0.000378976 257.792 798.79
487.571 -85.4457 22.978 0.873185 -0.316786 0.0725891 -0.194607 -1.11099 0.336467 -0.000499044 -0.000455114 -0.000401027 274.705 798.79
219.499 -53.6048 29.3735 0.957735 -0.267924 0.0117117 -0.137667 -0.566586 0.425828 -0.000697355 -0.00250141 -0.000379795 0 840.267
252.253 -62.6222 29.7509 0.962224 -0.254031 0.010425 -0.161634 -0.653702 0.413919 -0.00067317 -0.00255799 -0.000329023 34.1575 840.267
301.134 -74.9213 30.3681 0.965345 -0.241286 0.0167041 -0.192998 -0.776792 0.396778 -0.000584236 -0.0023359 -0.000348848 84.7232 840.267
352.073 -88.0545 31.4752 0.959116 -0.25797 0.0248138 -0.22341 -0.894419 0.378069 -0.000571163 -0.00208556 -0.000395456 137.691 840.267
384.521 -97.1915 32.4002 0.948662 -0.280418 0.0284767 -0.243256 -0.963077 0.364687 -0.000606179 -0.00198352 -0.000384194 171.647 840.267
416.582 -107.221 33.4487 0.928118 -0.312278 0.0345087 -0.264099 -1.0264 0.352523 -0.000618295 -0.0016698 -0.000345162 205.711 840.267
432.342 -112.802 34.1 0.903966 -0.339074 0.0416882 -0.274317 -1.0519 0.346521 -0.000579501 -0.00126794 -0.000358517 222.904 840.267
441.135 -116.212 34.5348 0.884875 -0.353778 0.0464078 -0.27984 -1.06303 0.342936 -0.000545971 -0.000995472 -0.000371282 232.745 840.267
447.967 -118.994 34.9087 0.869147 -0.360387 0.0492902 -0.28398 -1.07003 0.340012 -0.00053125 -0.000821834 -0.000382926 240.529 840.267
462.847 -125.232 35.8069 0.857793 -0.357247 0.0537751 -0.292329 -1.08121 0.333222 -0.000435752 -0.000522592 -0.000406137 257.792 840.267
477.328 -131.093 36.7301 0.85492 -0.335045 0.0550143 -0.299149 -1.08902 0.326144 -0.000382104 -0.000430772 -0.000432445 274.705 840.267
209.654 -84.4057 52.4896 0.907023 -0.405747 -0.00512896 -0.218414 -0.542849 0.407933 -0.00114521 -0.00254527 -0.000160526 0 895.569
240.721 -98.1447 52.3084 0.915239 -0.391262 -0.00583359 -0.255408 -0.627576 0.401291 -0.00102087 -0.00241575 -0.000228366 34.1575 895.569
287.385 -117.116 52.0569 0.924337 -0.367471 -0.0025552 -0.304059 -0.746864 0.38799 -0.000898568 -0.00222741 -0.000345867 84.7232 895.569
336.244 -136.614 52.0406 0.92026 -0.372113 0.00128579 -0.348753 -0.859027 0.365104 -0.000834865 -0.00205102 -0.000468016 137.691 895.569
367.367 -149.508 52.1373 0.909394 -0.387495 0.00495775 -0.376862 -0.926567 0.347956 -0.000811653 -0.00188113 -0.000479901 171.647 895.569
398.095 -162.976 52.4313 0.890701 -0.402026 0.013618 -0.404204 -0.987535 0.33232 -0.000727667 -0.00156397 -0.000420182 205.711 895.569
413.246 -169.937 52.7283 0.870802 -0.407899 0.0213398 -0.416019 -1.01182 0.325421 -0.000615745 -0.00122168 -0.00037509 222.904 895.569
421.729 -173.952 52.9622 0.855119 -0.408116 0.0260988 -0.421691 -1.02259 0.321795 -0.000528478 -0.000976141 -0.000353641 232.745 895.569
428.338 -177.117 53.1774 0.842286 -0.40408 0.0290503 -0.425566 -1.02951 0.319068 -0.000432557 -0.000754936 -0.000333303 240.529 895.569
442.8 -183.975 53.7189 0.836713 -0.38698 0.0328837 -0.432358 -1.04101 0.313261 -0.000327622 -0.000573848 -0.000327537 257.792 895.569
456.963 -190.282 54.2785 0.838017 -0.359102 0.0328635 -0.437072 -1.04966 0.307584 -0.000229898 -0.000448904 -0.000343775 274.705 895.569
198.571 -107.926 70.0498 0.852699 -0.512754 -0.0123275 -0.284724 -0.523779 0.389106 -0.00133442 -0.00231914 -0.000170437 0 939.61
227.798 -125.278 69.5857 0.862882 -0.495722 -0.015202 -0.331176 -0.603006 0.382777 -0.00134351 -0.00231609 -0.000200449 34.1575 939.61
272.046 -149.333 68.7822 0.880864 -0.462136 -0.0167427 -0.392038 -0.714433 0.370976 -0.00107391 -0.00206925 -0.000295278 84.7232 939.61
318.729 -173.594 67.8452 0.880219 -0.459054 -0.0174133 -0.445805 -0.818499 0.352349 -0.000980796 -0.00189776 -0.000375371 137.691 939.61
348.493 -189.368 67.2655 0.869612 -0.468959 -0.014345 -0.479248 -0.881707 0.338956 -0.000986321 -0.00181097 -0.0003917 171.647 939.61
377.92 -205.449 66.9093 0.856132 -0.469852 -0.00474581 -0.5109 -0.939365 0.325274 -0.000838235 -0.00151294 -0.000406982 205.711 939.61
392.523 -213.46 66.9011 0.842793 -0.460975 0.00401241 -0.523938 -0.96275 0.318378 -0.000656632 -0.00119067 -0.000407752 222.904 939.61
400.751 -217.947 66.9685 0.831925 -0.451261 0.00947858 -0.529828 -0.973419 0.314445 -0.000527328 -0.000985054 -0.000401258 232.745 939.61
407.195 -221.421 67.0563 0.823391 -0.439429 0.0132027 -0.533527 -0.98053 0.311364 -0.000425723 -0.000845479 -0.000390135 240.529 939.61
421.382 -228.803 67.3232 0.824061 -0.413216 0.0170611 -0.539285 -0.992908 0.3046 -0.000253189 -0.00062302 -0.000396218 257.792 939.61
435.366 -235.515 67.6156 0.829291 -0.380987 0.017172 -0.542767 -1.0027 0.298007 -0.000167451 -0.00054642 -0.000379788 274.705 939.61
184.589 -130.414 86.7286 0.788364 -0.610473 -0.0204998 -0.350072 -0.495981 0.367903 -0.00159982 -0.0021235 -0.000204744 0 983.652
211.573 -151.12 85.9786 0.798063 -0.594228 -0.0237877 -0.405315 -0.56896 0.361119 -0.00158682 -0.00214534 -0.000192818 34.1575 983.652
252.897 -179.894 84.6847 0.829891 -0.549543 -0.0282884 -0.477036 -0.671648 0.350623 -0.00123916 -0.00189774 -0.000225894 84.7232 983.652
297.048 -208.553 83.054 0.834105 -0.539331 -0.0312699 -0.537949 -0.767222 0.338045 -0.00111063 -0.00174835 -0.000248103 137.691 983.652
325.239 -227.01 81.9863 0.823272 -0.546365 -0.0291071 -0.575798 -0.825823 0.329454 -0.00110947 -0.00169681 -0.000273701 171.647 983.652
353.189 -245.552 81.0937 0.817213 -0.535009 -0.0216345 -0.611092 -0.879837 0.318987 -0.000925195 -0.00144272 -0.000353188 205.711 983.652
367.193 -254.573 80.7886 0.812921 -0.512964 -0.0142225 -0.625188 -0.902356 0.312458 -0.000700411 -0.00117236 -0.000416297 222.904 983.652
375.157 -259.53 80.6762 0.80845 -0.49505 -0.00925862 -0.631303 -0.913049 0.308226 -0.000541181 -0.00100537 -0.000449772 232.745 983.652
381.438 -263.322 80.6182 0.804766 -0.478125 -0.00564658 -0.635015 -0.920404 0.304662 -0.000420283 -0.000906895 -0.000469606 240.529 983.652
395.385 -271.274 80.5548 0.813859 -0.44234 -0.00247673 -0.640282 -0.933928 0.296328 -0.000216377 -0.000705017 -0.000496242 257.792 983.652
409.235 -278.45 80.522 0.823173 -0.407365 -0.00155739 -0.642968 -0.9453 0.288023 -0.000111442 -0.000652951 -0.000481725 274.705 983.652
161.509 -158.128 107.415 0.681212 -0.728639 -0.0347678 -0.435706 -0.445342 0.335937 -0.00207218 -0.0019101 -0.000288435 0 1042.38
184.93 -182.848 106.22 0.698289 -0.710894 -0.0355617 -0.501631 -0.508826 0.327353 -0.00178783 -0.00180709 -0.000214201 34.1575 1042.38
221.667 -217.277 104.354 0.751029 -0.653774 -0.0381422 -0.58573 -0.598493 0.318293 -0.00144378 -0.00164828 -0.000104143 84.7232 1042.38
262.033 -251.201 102.288 0.764398 -0.636291 -0.0395767 -0.653171 -0.682132 0.316564 -0.00125871 -0.00155513 -2.45555e-05 137.691 1042.38
287.863 -272.909 100.942 0.755205 -0.639909 -0.0394583 -0.695449 -0.734164 0.316004 -0.00119353 -0.00147614 -7.00199e-05 171.647 1042.38
313.622 -294.467 99.6073 0.760352 -0.61627 -0.0387677 -0.734563 -0.782798 0.311783 -0.00100442 -0.00131924 -0.000218317 205.711 1042.38
326.764 -304.778 98.9465 0.76997 -0.58156 -0.0381112 -0.749813 -0.804211 0.306308 -0.000763282 -0.00116768 -0.000390173 222.904 1042.38
334.36 -310.369 98.5744 0.775574 -0.555305 -0.0376026 -0.756236 -0.815134 0.301697 -0.000582991 -0.00105021 -0.000515852 232.745 1042.38
340.415 -314.604 98.2833 0.780248 -0.532708 -0.0371712 -0.760264 -0.822902 0.297285 -0.000415194 -0.000943475 -0.000610786 240.529 1042.38
354.051 -323.405 97.6465 0.801203 -0.488164 -0.0366919 -0.765718 -0.838366 0.285905 -0.00022582 -0.000865404 -0.000678364 257.792 1042.38
367.759 -331.327 97.0295 0.818583 -0.450212 -0.0362734 -0.768023 -0.852526 0.274078 -4.67775e-05 -0.000809012 -0.000720187 274.705 1042.38
